7096
1595
1507
6330
9845
304
4535
4159
6013
4458
8343
9630
2878
9843
3985
1844
2176
2586
3346
7210
8556
1593
1450
384
6167
5040
4380
2143
6075
9911
4384
5691
2900
2686
3557
9428
2270
2249
7177
9914
6040
7204
3244
3848
3659
7867
6788
3697
7897
6139
8817
624
24
8600
1741
4176
8944
5505
5131
1813
3234
2041
1007
8659
3329
8894
9533
5436
948
1576
1209
5054
6622
6598
6964
9076
2103
5855
1525
3029
8081
9556
6758
8397
2436
2829
9181
9452
4012
3334
3903
8518
2735
8378
7847
4619
7824
3726
317
155
9435
750
2718
634
1975
3372
5402
7856
5407
2616
7803
6751
5258
2411
1346
2750
4618
5642
3005
6069
3844
8412
1518
7259
5959
8292
1702
6037
7925
2440
6668
5032
7882
3524
2519
6640
1335
2840
6682
8365
6667
4927
7938
3844
8242
6606
6702
1371
9702
4256
9476
7725
1582
8643
7398
2609
3251
4262
1162
2888
8167
4101
6512
248
7202
6631
9148
4956
1944
5212
3101
2165
7411
8390
3872
2586
6852
2532
2892
3487
148
3477
1377
4092
2169
94
1922
3689
5833
6330
7416
9170
2076
6314
2911
1997
500
1894
574
8374
698
2957
8942
2798
1500
3622
9817
8304
7659
4949
9912
7608
8292
1962
3181
3607
9084
9487
4314
5646
3906
4599
6267
9740
6524
9467
2613
6672
1272
3961
9136
5704
8154
640
4932
51
2952
9350
5894
4715
89
4745
8093
6556
8523
2653
1235
7582
4645
7638
5024
9641
4273
4980
5220
5832
8973
836
7524
817
3342
9576
5760
3462
2339
6156
1115
9521
5378
574
9776
7571
6704
7504
4253
5874
9922
456
2267
8881
567
8044
1111
1891
5471
4081
8145
2047
6359
1593
279
2505
4914
3170
8133
4289
1583
789
4349
393
6313
2554
3091
1355
8183
4157
8272
6749
1791
3999
9729
2644
1038
5153
8375
1407
2120
3586
5628
307
8167
6363
1152
653
5187
4664
3309
3831
9957
8495
7759
3482
5887
8274
4672
6390
9230
2768
4950
8193
7758
2300
4538
7696
4861
6103
3563
5878
7278
895
1649
719
5078
3387
2768
3718
3917
7797
8738
1927
8654
6370
547
8364
1473
7246
19
1712
3291
9134
2544
5553
7491
8606
9223
3905
6743
1118
3322
5076
4945
7008
4381
5978
1250
7318
2223
3065
4751
5161
6757
3224
6762
9539
1287
271
6045
4333
1265
3198
2334
5398
4434
926
1728
5886
5316
1426
4713
1858
8867
7863
8629
9569
6238
7185
9558
6452
552
602
4465
2621
9543
3904
9468
7212
1913
1821
4696
405
2142
5269
8193
52
7943
9688
5727
1686
9439
789
7180
7055
3781
8048
243
6727
6732
800
8470
1598
6600
3132
6898
50
9503
3574
9060
5535
1220
7806
1531
4671
2931
6717
6345
3836
2075
5259
2369
3655
8560
4042
4426
3880
7737
3974
7974
620
1301
9423
952
7331
2820
2327
9451
3638
9080
7903
8827
6621
9684
2540
9842
1580
5043
9008
6077
1047
2997
8747
4634
1377
6139
5776
5702
7705
9310
436
2460
8137
3567
5229
1973
2567
6012
5032
6044
622
4130
5069
6246
7808
9103
6800
8729
2790
4521
9884
4474
2066
3415
1562
1554
9326
7725
9628
3611
4733
2786
9154
8935
8317
7346
1906
8919
1957
57
358
6515
1785
5662
9905
8971
4577
9916
7601
6628
7384
3740
8253
7078
7579
7103
2933
6560
5113
4094
9664
9483
3449
9565
3042
1265
357
6233
2950
3080
7370
7455
3498
8979
3137
1755
1080
9022
1327
2003
4000
7337
973
6630
4310
6372
6947
7033
309
5525
2796
9381
7144
1829
7738
9324
7924
5175
8140
3241
5446
1773
1628
5406
6076
4528
7426
1861
4765
8805
5509
6978
658
4758
6738
4219
2241
4392
1076
1993
3297
3754
305
1917
3719
2216
8987
3529
7697
1311
7999
1086
6805
4753
9642
9631
508
7694
4507
4723
219
2447
1446
629
9484
9134
7484
7248
2985
2842
6901
8508
6996
5580
9274
6844
2295
7630
7900
4882
9735
6009
816
2927
9952
4771
4879
3661
2669
6845
9667
7612
9119
2942
1602
6922
6217
3363
2368
259
5558
7152
856
1860
4580
1778
9665
7603
3175
7021
5802
6215
5842
1457
6903
5346
9841
2203
9303
1564
669
2481
9074
2975
649
1921
1701
6230
1735
1263
6173
912
8957
7944
7143
159
2606
4971
9945
1969
7031
9661
401
777
1610
1348
1670
4550
2324
9652
6042
5971
9529
4937
1282
9421
1429
2674
2111
5442
3413
8456
5619
8996
7118
8835
334
7666
5075
2401
3113
3406
6180
377
8924
7017
7184
3032
3663
61
5659
7616
9391
2525
1099
4455
7803
2954
5206
1648
8777
4741
5428
2360
9383
9303
8430
8313
8641
6400
505
5095
8263
6000
3867
5515
379
8122
6272
8197
5551
7566
171
4706
3464
3535
4215
1339
3140
6287
4257
7408
3068
6445
5571
6043
9878
2262
3405
3389
768
794
6625
8053
3886
2900
7199
580
8736
9511
3921
3156
7260
6227
3958
3388
6158
4544
4390
4617
8607
2861
4931
272
7113
175
9033
8282
2978
3019
8420
8303
1007
2741
2303
4204
4263
495
8878
6509
3899
1258
6099
7611
6920
8900
5701
9813
7524
1605
9236
2275
3415
8312
8706
1845
5959
7403
7267
3168
8301
7061
9168
8193
3087
6446
5200
3518
9758
9918
949
2723
5631
4641
2052
7250
4230
6589
7526
297
6193
4527
2118
6712
6011
9091
1162
5681
9322
9184
7828
8092
7475
9010
3107
3777
5763
6133
4971
5786
4472
6915
4432
7099
4360
3711
8057
9832
7558
7255
4283
5276
9000
2498
9384
1631
5936
942
2197
9677
9648
8877
7203
1824
539
5935
2705
8314
6184
1218
4195
8405
1226
357
6208
8726
6186
9750
8393
1749
5918
1006
894
6199
7586
4060
2047
5796
2168
3465
5021
9517
4301
1436
6463
4421
2982
5735
2136
1735
1441
4729
7050
8452
4678
483
6050
9689
2204
5021
4685
6047
2923
4517
5782
1564
2120
1440
8762
600
6474
593
2329
2533
7284
9850
1978
6917
4327
1939
4105
9276
5663
9038
3603
947
6621
3519
8108
3771
1897
1444
1985
3824
1391
384
3644
3660
5702
3718
7839
2703
7646
915
6330
4852
4604
9267
7772
8332
3365
7199
4876
5269
2826
4000
7788
9841
9690
8259
2317
9648
4343
3067
3274
294
8267
4713
1030
8531
642
1290
9416
2410
6300
1075
8532
8454
6209
8375
6018
5516
5141
2866
6416
1978
3920
6524
9981
9210
6859
9338
8103
6143
9406
1504
8337
8974
2622
8364
6760
9842
6145
5809
2533
9936
4883
8445
7014
737
709
6575
8709
4419
9406
5230
5163
3771
7363
4458
113
5984
8223
9000
9616
2244
1080
8191
495
2050
1811
6644
8014
2080
8531
2762
2019
4712
4409
6944
5603
1266
7658
5248
9256
6277
5362
1040
7946
779
4336
6264
5214
8083
6729
9736
9524
4309
1940
1593
5021
1744
8699
4600
8330
7949
6665
4359
5735
4040
8894
8818
5210
4634
7499
3660
368
6950
9721
1958
7270
5385
3182
3760
1392
515
5085
9324
742
9907
4699
8294
180
4965
9356
7572
6622
2289
3867
1339
3404
4921
6276
140
9020
3237
4739
8010
5403
6153
8550
6133
346
6437
2549
6631
3508
5037
3411
4815
1384
6010
7364
5580
9808
2289
1688
4993
3373
9628
1420
2127
4617
8496
2134
6625
7368
8030
9542
2322
2742
7082
2603
3703
6019
1914
9012
3396
8071
6608
8929
7454
8510
8990
7768
8430
4883
7862
4486
8464
5184
5721
9023
2575
246
7017
9304
2725
3047
8177
2547
9285
1374
4907
1013
7577
6634
8362
7218
8384
2907
4448
635
4710
9496
9520
1094
7127
4147
1190
9334
6754
1543
9447
9791
73
3971
3644
7750
4882
9493
5903
9890
1321
3272
9213
5249
1883
5191
9680
7098
2955
8541
2523
5888
6427
1802
3247
9472
1221
5813
8150
9006
3639
3690
7963
2723
1699
6038
2474
9902
5821
7333
9434
6533
5390
2160
4446
2274
7011
4251
7239
9112
4167
5285
6367
7427
5196
7816
5118
5060
998
5041
8764
7766
3806
1576
9699
7418
2953
5900
3986
1085
8560
4162
9546
99
5780
1030
575
4747
6655
8344
426
7273
3924
810
2238
8783
2407
3342
2256
3003
3324
835
5874
8180
8607
7307
9377
6216
4694
3048
5757
702
7967
543
492
381
9796
2768
2881
8419
8566
4337
1208
6788
838
7195
3290
4381
676
7316
5857
3143
660
7772
2213
5611
5495
8716
977
7864
8480
1391
7428
2938
5641
806
6161
4954
8337
6120
6124
7167
4037
8577
6204
1506
7160
5175
2533
3588
479
9406
8744
5481
9743
5432
1113
1446
8789
1989
2665
9800
2562
3180
4174
2484
8685
6250
1705
8212
4693
8742
1352
7757
2674
7325
194
4226
7341
5082
9389
5699
8233
8939
3041
5427
3246
919
8326
3458
5812
2067
2538
2699
1773
6192
5673
8416
8859
464
4618
7044
2802
3572
1721
5039
9690
4465
9898
9651
9585
8444
9647
8312
6124
917
1289
5953
770
1805
9512
8088
3373
4286
1283
2917
8066
5486
338
1522
4988
7064
4214
2055
6691
39
3042
1213
6245
7902
4975
5418
2443
9701
602
3259
2642
1614
5834
6135
2702
8482
2151
4173
5880
7205
6727
3199
2736
1641
1675
4432
9551
5630
4928
7835
8818
3266
4552
1884
5256
1849
7788
9777
9843
3006
2334
5997
3390
4474
5009
6685
6297
143
9272
5589
9423
2489
6356
7203
1012
7551
8534
294
1672
8794
8546
407
5679
6581
4329
738
3984
7006
6774
7430
9724
147
6699
6346
8847
1738
314
2245
9895
5089
6364
1740
2455
1434
609
78
5519
8469
6366
9053
1434
5803
7289
7587
4029
1073
9169
9136
8560
7270
4412
5207
8810
4627
5001
7137
3420
4310
4079
8275
1832
3767
127
9206
7899
103
4473
7940
2227
8853
8727
5956
5583
4413
5862
2677
8306
4792
7076
4377
118
8100
6110
9739
6273
5818
5547
3431
6465
6830
8740
5799
9851
7787
6188
3286
7076
9984
5661
4003
2083
2228
9453
9265
4653
5927
3799
5474
7754
8513
3068
118
8146
1832
181
5033
3024
364
7742
3098
8679
5484
9521
721
1730
2777
8972
725
7286
8654
8043
9790
6635
9764
6398
7537
3933
9768
9937
4015
8411
9665
886
3450
8038
1710
3704
1112
9919
2011
8151
2283
2818
8490
4992
9297
4458
5696
9417
8317
8632
4413
5495
6667
8746
2455
4051
5298
2756
5672
3739
6285
1390
1249
439
4114
540
7963
5022
846
6860
4104
9490
9653
8997
4777
44
2546
1879
9107
7971
5781
5288
7537
1751
2507
8092
1224
1700
2895
7599
3264
5136
7248
7659
7735
5398
1568
7528
3175
5335
4964
9356
7430
4789
6442
2638
1027
7504
9226
3671
4790
5212
223
9454
1702
3666
8804
467
7486
9552
4235
6290
7030
7731
4193
4853
9630
5503
7459
6113
6179
9422
1100
9637
1915
7375
5478
6207
2286
680
8282
3743
8919
847
8795
6709
5085
6371
4265
8786
736
3620
4293
4559
7166
9672
2196
2876
3329
9525
9472
7746
1551
1889
8033
3527
6065
7365
128
1319
1258
5128
8204
3635
2199
4800
2954
7232
7543
3039
9606
924
8562
4380
4971
5588
1027
8117
55
6058
3737
8977
9213
6306
4584
8951
2921
9188
379
6434
7087
7734
3508
1217
3110
4861
1924
7974
9311
404
4374
4721
3470
9348
8944
113
1172
95
5451
7822
4225
4349
8066
41
1522
7515
5806
2755
9065
8224
9047
8255
6188
9545
8665
4305
7499
3039
4325
8177
8852
7267
5160
7948
2120
184
6937
6942
6890
7845
5036
3943
4990
7613
1879
5717
7095
6324
5077
6319
9634
7413
5021
6617
5399
9064
7967
3942
3214
7513
617
8624
8594
5545
9008
515
9752
8082
5388
1369
1724
7226
1097
5355
6746
4547
8505
7499
5222
8396
5773
1601
280
4238
3957
8559
5832
1402
4062
2094
6668
7115
7648
5178
6634
8790
3127
708
8856
5243
840
2216
9543
1599
7513
6628
2892
6704
679
2226
4158
1155
9503
4892
5191
7520
5311
3244
5556
2787
9700
4933
5720
661
864
3548
8045
9093
9543
1002
6274
4547
2180
1701
267
9490
2031
8943
8385
1007
1124
7052
6645
8929
4151
5367
2450
3181
557
4333
9810
4682
1867
4072
4570
6127
9223
8379
6807
447
3323
2728
4041
264
2837
9737
1941
8078
1381
9461
1794
2208
1148
1173
2965
508
5063
9614
3685
4386
7861
5516
3278
4027
8231
7280
1797
1203
3727
8796
3716
4135
1428
9646
8588
590
7889
3571
7116
7552
7644
6728
1086
6424
419
8238
7880
810
1699
7817
2909
728
2345
7200
8975
9979
7054
317
9060
5648
5494
833
7769
1159
8771
6814
61
8481
7654
8903
5867
8477
322
141
957
9032
1199
805
6834
7064
8718
4100
789
5765
315
5453
694
6413
9281
583
9908
8704
4506
6420
1992
4310
9939
282
6284
3450
1158
6255
2213
8777
5175
3776
4365
6554
84
2238
2313
7585
8178
3069
5542
7181
4747
3999
285
2554
3382
8720
7993
4120
7687
9538
37
8448
7528
3600
3337
7060
8495
5982
1302
2900
240
497
8970
9535
8765
1586
627
7106
6749
6315
8596
3279
3428
746
1058
1140
5504
1908
6073
2449
6193
2491
7831
8691
5085
4692
6002
8474
2357
9186
1040
2560
9011
6442
4615
6295
2292
1973
4740
8756
2115
2051
3302
6196
6966
4804
3169
1361
6121
969
9016
7880
6644
2083
499
4674
4841
1270
2955
2813
2267
4631
853
5932
2196
58
9644
160
239
3276
5742
7128
915
6639
4755
2194
2083
9210
5893
7496
7470
5657
9952
2386
4261
3639
8714
590
1489
5882
9109
9058
3562
7161
915
1022
7620
3488
9940
7083
3477
2369
1593
7837
8027
8748
9000
6468
344
9406
7047
5268
4329
6055
4304
1310
9089
1000
291
7773
9149
5274
5753
2017
6781
6165
6308
772
8734
6069
4681
5378
6904
7357
1472
9676
2250
1678
1016
262
9574
7216
2431
5435
4857
4149
6938
1272
7906
7528
3907
5317
7665
8430
141
1932
1015
4694
2493
1666
2120
6429
8381
1025
5109
8944
2586
4763
1914
236
7254
5315
5080
5158
2787
3821
1182
6895
6869
5163
459
6467
3620
2683
542
3273
5362
2164
9892
4443
8304
5244
3901
5500
9726
2645
1883
6215
2103
7629
8569
3361
7813
3799
2253
5144
1055
7118
8270
7896
9677
8847
101
7429
1215
464
9893
6138
4681
4362
9556
1603
9074
3021
6063
6685
3551
133
271
8896
9695
3038
8662
6752
6962
1190
7374
1960
2794
1013
976
2570
7271
2666
350
9145
5687
9112
7546
2517
2265
2007
4178
167
2302
4370
1837
8182
4365
219
1969
2489
9782
526
714
8958
42
6695
1800
5849
2637
7638
8775
1241
4209
7040
991
312
7413
8637
3868
4151
8380
4340
2754
3674
4495
9948
1352
4280
5140
9106
3017
1021
4688
8977
1262
7312
538
709
8409
4829
2058
218
1331
7773
9866
2807
9109
2511
6584
3319
1592
1903
529
1969
2027
6250
7746
8483
2400
7601
8482
1193
7212
9597
8813
6052
3577
418
4536
8810
5237
7192
9045
4214
4823
8207
8231
9784
7150
5184
471
1840
7359
71
7188
8874
6799
8828
9082
5032
897
24
3441
976
2019
979
3584
7693
9762
7516
3927
7104
2200
4417
2714
9395
2668
9875
2541
9366
100
8689
8466
7313
6345
7890
7017
4283
2415
5748
6627
2211
5249
9358
4020
3664
7303
9159
6089
1913
7087
8593
5374
2923
7940
5242
7765
6531
2539
7073
9758
9872
3117
3196
1401
9410
6885
286
8146
9150
3612
4606
96
8805
8273
9573
454
703
7133
9210
3291
5140
6845
134
1283
4296
3739
2232
5349
9401
3853
8917
1000
6137
8752
8842
2804
7435
632
8673
2878
6188
9291
4367
4465
7354
6171
289
59
8448
7423
9538
3620
4922
6180
2727
4916
8661
7712
8049
5375
1128
5845
7816
9976
4983
5814
5792
3250
549
7476
6236
817
5117
9390
2383
3562
2108
5122
9124
5256
6784
7097
4602
851
6113
4771
5358
4821
5984
5672
9366
6892
298
1892
9591
1248
4615
5829
7240
7357
8742
157
8643
3012
4665
5742
9589
2271
7312
1218
6915
6050
3712
868
5346
7135
6053
6339
6223
4897
4328
9261
6554
4918
2555
9276
3019
2439
7811
8404
8167
5951
5678
9449
4927
2177
9431
6363
9796
4653
6782
7663
515
2190
2381
7214
5683
9321
472
2467
5574
472
2775
2144
8802
2489
1522
3780
2222
2948
5318
9162
3731
9059
8258
4740
6310
8833
1357
2214
1409
3931
7846
8960
1900
8883
9931
2874
1585
7454
3398
6474
3412
342
4493
7296
5320
3485
3794
6262
1753
7378
5400
3847
4675
3788
20
5879
9141
3245
7429
7937
9738
3567
3372
9165
914
7037
5383
5899
3615
6852
6910
5748
2052
5026
3377
92
8117
5669
7709
4815
9086
1490
215
7786
3350
6579
2950
5688
3731
5574
7397
8443
7492
9009
536
5771
1404
7872
8397
680
3076
7238
2671
522
5678
1995
9177
666
1689
1779
4452
9757
1010
8843
895
6817
6058
6362
8129
3828
233
3963
3456
2494
9290
4191
6531
4002
2886
7479
5894
2451
4093
9103
4230
2533
9919
3738
2671
7960
700
404
126
3519
2414
9168
5373
2275
4255
9786
6832
9298
6351
7954
5764
1557
6689
3713
7185
2335
3359
7924
2415
8027
8672
2294
8232
5779
6485
2013
8987
8462
7792
4207
7401
1857
1603
1580
2869
3604
9477
5400
8374
202
4061
4365
2357
133
959
4865
5537
8995
4191
2200
8543
1334
3225
555
7257
5729
2024
4781
250
5344
1006
8522
4468
5876
8195
2092
2928
4054
6397
5048
2772
3131
5180
9936
2579
41
3269
4186
8899
6675
8016
9799
1898
9071
1859
7666
9762
8282
4526
5011
8561
242
3285
7
4689
361
4917
5861
5775
5835
1306
1177
2984
6274
3727
5245
4398
8970
9954
6925
2237
9995
1763
6611
6886
6524
1310
4028
8219
2661
6671
6709
285
588
9667
7394
7980
6640
8357
3910
3579
840
4068
9836
1091
1074
9438
148
6324
6319
9451
8584
7430
1923
7950
8225
4380
2487
2490
8048
4034
7630
9667
7888
2589
7629
2329
1854
7573
385
9541
8276
5175
4059
9402
1279
9921
7942
5686
5913
9377
4970
8930
5475
8505
8134
3815
9404
5225
8231
8338
3569
354
6338
1359
2338
8648
730
5631
4447
4516
6127
1547
3580
7466
3356
3412
1374
7067
8089
1967
332
9864
7230
5057
4883
7069
585
6497
5154
6906
4324
7969
9718
1990
1105
834
3767
2294
3202
9528
3635
5378
692
7745
5807
6476
7671
7492
7352
1616
2206
2323
6703
6223
6178
2707
1672
6239
6021
7603
6547
2195
407
5798
9752
7713
1475
1557
5659
3345
4574
7260
992
8954
2345
5629
5222
7201
7153
9704
4522
8391
773
4553
8865
6113
1388
3074
103
8176
9588
8934
1842
1660
2054
6462
1770
584
3218
5549
5038
6962
4417
8955
7309
8378
729
3142
5366
1875
9966
4025
433
815
9798
6619
1592
133
7223
2391
5396
1453
7522
7486
3136
4281
9084
941
3466
8564
3256
5438
4876
6468
6769
3911
936
4279
6478
2768
9794
354
323
5038
8964
862
9590
1629
1604
4025
139
9929
6739
1742
1061
5374
351
8804
5069
5598
6051
4449
2738
995
6388
412
8490
4678
722
1868
6843
994
4923
7867
5343
8315
8826
7382
6437
16
917
4686
7069
7009
9077
1010
8551
5978
8968
6560
3169
9001
4551
4109
3278
5973
7028
421
3111
5451
7903
7627
4824
6963
8317
4649
8438
4450
706
9363
9111
3168
596
7575
8505
4579
5587
7235
1865
1382
2653
104
9051
2518
4719
6770
3182
4823
8801
2744
1572
7549
6261
4628
6936
5953
2808
7275
2099
607
5901
299
8186
7205
6006
7093
8988
7944
1559
5774
4613
2530
9513
260
2711
657
6706
3762
3593
7113
4437
8054
1016
8882
1105
7284
5918
2191
2024
9559
5587
5947
9765
9823
9059
4361
1324
4080
472
4666
6617
6320
8630
371
7950
9530
9014
6419
2094
2435
9170
5261
7876
163
1901
1651
327
3574
5537
3154
227
6122
5813
9607
4367
8917
8571
7070
7512
3437
2871
7857
7387
3080
4387
4019
3001
9447
2540
4538
8124
449
5261
3265
8321
3296
5284
9047
7595
999
9116
5506
5580
1503
854
7897
7743
3403
4114
2626
1713
3331
2048
7085
9972
4694
112
1424
5444
4528
4
8995
6900
8838
637
2020
4218
4679
8225
6200
5147
2152
128
635
8332
2743
1212
5288
3355
2180
4536
7600
4003
3409
8499
1868
230
5821
9546
1184
2123
6448
5445
9595
8830
8019
8245
5777
6466
5927
5313
8745
2348
5418
4858
5106
6833
4931
913
1967
643
8270
9275
6490
1436
2979
6815
2247
645
4091
9150
7047
7992
5231
3622
8265
1338
8237
8517
6466
385
6085
3022
7599
8432
3706
3302
4695
2862
8639
4575
1916
4096
5299
3733
9608
7577
2883
7910
7144
5376
4762
1997
5853
3929
5279
6722
127
1437
3579
6826
199
4529
2817
8346
3660
4466
661
1602
9835
6365
725
4763
6807
3210
6455
6571
8158
6911
7368
7796
7812
9938
2030
3781
4852
8653
5907
8614
5527
7118
4127
1540
7004
189
1957
3802
4698
9405
6627
5102
5516
3090
1204
417
5397
6893
3735
2271
3924
6707
6844
9531
709
249
3663
9743
7850
8742
9095
7402
4765
3877
5321
4284
8108
247
5504
2072
7821
5629
8239
6461
7214
200
4892
7995
872
5798
2453
922
9290
8580
448
7599
8893
9754
7210
3436
1783
4315
5803
5498
9018
4692
4287
8381
3724
9045
2954
5135
9219
5076
4418
8582
2377
4000
4736
7091
4553
4656
5064
9495
9951
23
7625
3734
3093
3075
4821
3128
8200
4968
2817
3586
8521
2618
3708
3729
4100
6505
8643
5784
5013
9128
6636
3150
2387
7661
4242
5631
9198
6344
7348
6561
9576
3828
348
5535
6695
4143
5941
8529
943
6059
1251
7559
1214
6038
1365
8380
5920
3650
2906
5714
3183
7446
1298
3278
5212
5636
6663
1395
4171
8025
6620
6884
421
3629
2572
4813
9820
6647
7050
4480
7936
2310
8461
7304
9170
7011
8948
3216
3956
6052
2599
3420
7675
7637
1779
3418
3418
1326
3689
9758
8148
615
265
705
3077
1485
1161
46
877
350
3894
4012
7154
8682
6468
4137
682
2683
1029
3444
617
1847
988
141
3896
690
7734
7276
614
4820
5898
4167
5484
6895
6151
3743
4631
1114
6090
5083
6801
5934
8075
5829
3280
6198
6144
5000
3804
633
6396
1777
7586
230
219
5085
6350
8283
1043
5166
830
9120
6427
2420
2417
5178
5228
5531
9890
7875
2708
8308
4055
8487
373
589
3430
9076
2457
4256
7375
9575
1281
800
8174
3010
5783
6736
9454
7862
7164
498
9309
7907
3659
7161
4522
8850
5655
7804
4150
7864
7565
5607
7599
7344
9986
3451
4816
725
6817
4247
5055
4060
3924
5835
9073
224
3206
4155
379
2670
2202
142
9469
4229
3260
1449
7623
2464
4298
4802
2527
6166
3892
7734
5981
246
7810
7885
8084
106
7443
7995
1751
7258
5275
9479
3531
7749
7220
2863
7873
1179
2422
5756
684
9410
3187
3015
6148
423
4629
1382
7407
1145
396
5409
6934
989
3099
2499
7614
7504
9301
2874
3648
5058
4628
7840
2966
3743
585
6604
5370
9415
2494
2106
9433
7183
5861
7405
5199
4297
3443
5501
7514
1964
2419
1645
9096
6538
8259
4164
3172
5852
6897
2042
3440
3345
3302
6855
3634
9080
5731
9719
4682
823
1348
5303
3258
9578
5046
9107
4021
9498
3249
6764
8190
2817
1544
1059
5771
1110
3600
9700
1171
6370
2760
7209
4054
7446
3125
8547
5216
4537
8230
981
6239
762
7662
9227
9839
8716
7214
8698
6367
189
8339
2954
3230
8258
2474
2154
5437
840
6466
8644
8137
959
1288
5592
2615
755
8575
192
415
9436
892
5275
2957
2754
2355
5333
7546
2227
6346
3150
8589
9042
2120
4651
4923
8599
1151
6940
9442
4338
3199
8639
1695
2537
5849
8141
1003
1620
9141
6561
2436
6013
461
2886
2996
1203
4442
6188
1581
8747
6258
5761
3747
7333
2570
3174
4636
9225
3845
9612
9855
3341
2656
3988
4273
4477
4931
747
2725
6670
8715
4816
2563
5359
3077
7932
545
7239
4548
3622
2876
7616
4115
3588
2946
5002
434
1278
3940
83
1922
9416
1595
767
7454
5631
7421
8458
6295
8879
5006
1553
88
2093
3960
8138
5267
4845
1129
1009
2178
9688
181
7007
203
4819
3179
5616
673
3159
8122
2053
5448
702
7648
2515
7621
34
5628
8868
6899
4735
9401
7684
6783
5735
7362
7106
6628
1158
8891
4710
6857
4978
7569
346
7347
5859
9512
373
7305
7545
836
9488
8816
4586
5552
54
2633
6849
4031
6567
9195
8636
5617
5645
7950
6690
3345
6689
5824
5149
3288
5359
8773
6267
90
3038
6011
3166
8884
3538
7375
918
2770
3018
3524
3378
1365
3136
9917
6413
6124
2880
3785
2953
2002
1947
856
3748
2690
1143
3368
4486
1599
5931
7944
8531
7861
6779
6005
2404
1538
1770
1995
1701
4570
18
4939
3103
2855
1009
7596
9746
2999
6157
1767
9815
2411
8442
7677
8286
6374
34
7590
4753
3236
2590
9303
6605
3675
8459
2065
232
4699
2410
5131
7619
3037
1861
3374
8380
382
1678
3777
3734
2491
2859
809
9350
3268
6226
7041
3396
1926
8106
4481
7809
3163
8618
7081
6274
9580
8300
2649
4265
7873
2786
4845
9196
4335
1008
5809
8982
4028
2664
2006
3134
5069
5955
2026
5333
6150
2351
9143
7023
8687
295
4088
6300
4999
4418
4283
7081
9230
9686
8866
8609
7035
6049
4246
5399
9990
626
9180
4821
3263
5168
7229
9077
9410
4906
7998
31
7001
2732
5626
9755
1918
2730
111
1985
3992
6595
1378
5524
509
4402
4293
3501
6158
2566
4518
3198
1219
9232
9900
2323
5859
6351
2399
7059
9733
3768
537
7481
2992
8594
1478
5928
5603
2205
7530
3272
9400
5282
7591
1616
3507
6170
2717
3985
7609
3448
4445
4506
228
6258
6552
2619
544
528
8599
5318
9751
9891
1024
3787
48
4233
7629
2764
8611
6286
5816
8792
1378
8115
9977
2790
2723
6775
7881
1654
389
9059
9595
2942
3224
8623
9012
1143
7312
710
9446
8560
1663
8796
6476
3077
7296
2081
6471
8873
5947
1718
1222
5771
942
635
2296
915
6227
9862
2421
9209
320
9707
7621
2119
2906
9975
4397
3351
4878
959
9796
1020
2514
3666
1320
4722
2272
9965
6226
7278
6303
5209
452
4057
3958
4629
7558
6491
1429
4235
8415
6261
9846
1613
5216
496
2113
3446
9801
1500
7515
2127
185
559
5216
1310
9896
3726
3418
4880
1178
7533
7908
9393
1577
61
4816
564
5590
2030
5776
8654
1314
2737
7911
3262
8206
6295
5167
4596
4216
6384
5136
5643
3087
8949
3458
1002
131
6059
3557
4040
3049
3807
4539
3910
1187
7896
1027
1053
2717
5563
3229
993
6473
5129
6113
1556
28
9037
5868
9984
8685
2417
464
6299
2144
5425
1709
3382
6143
4111
7955
1604
6615
6976
9551
2794
4895
2650
9961
8623
7996
6407
3315
2107
3781
9147
7661
3224
3776
8533
203
1426
9231
4909
726
4017
9264
1886
7925
5369
712
1184
2671
6260
1000
2219
4200
4070
1626
7352
604
9524
4470
4584
4119
7973
8002
1060
1729
2176
1931
7644
5370
888
3665
8468
9620
4688
3669
7412
1
2905
1333
6456
4131
5520
3133
8575
6360
7006
6622
4665
3807
3789
5694
9295
1288
7158
4719
5974
2539
4009
4444
490
2264
1419
1801
7468
7083
5274
1219
2346
2607
3394
7824
6296
7554
5053
2913
172
9839
3458
9127
5754
5300
8405
5238
7875
5449
8341
8276
1939
9258
9661
9834
3579
3927
3485
127
3946
5211
8462
8017
3491
3369
5724
3732
74
4192
9593
4064
3119
752
312
1506
1940
5663
1938
1614
5702
8178
9901
5996
6941
967
1915
4787
2226
555
2841
1719
4261
8270
6279
2653
7647
79
7009
9110
6422
5576
7947
9082
3968
6131
7960
6947
7809
6275
1688
7346
4081
5686
2032
3210
4483
9514
5952
4415
2072
6449
8335
6042
679
8819
7300
6303
3643
2415
3988
9691
2042
3330
9869
8388
192
9824
3237
9894
4788
7930
8231
8224
2408
7279
7560
4149
5837
5376
111
2979
7169
810
8767
7647
9133
5160
4581
6410
2928
2814
2691
1513
6110
5324
1648
4034
5042
3114
7385
9924
6460
211
5663
9853
8405
4479
8393
9466
7330
9884
5968
9193
3623
8926
6244
5115
8601
4299
4809
3767
233
9706
1092
2701
8913
795
8194
7679
831
1090
2290
4707
7490
4647
7748
2402
5272
9192
815
8461
7057
6095
9316
2949
4303
9626
1426
670
7278
3266
5602
5941
9701
3980
84
9247
6908
1259
7033
859
7821
7744
6786
714
3166
8511
3042
8441
7070
9249
2479
4796
3809
2903
894
7571
4262
2485
806
7909
8601
4005
3584
5053
3820
177
831
5074
4993
2058
3065
204
4893
166
7067
168
2854
7218
3966
145
4938
685
8600
5122
8311
228
4394
4899
3002
5133
5864
7858
3935
6738
1213
9534
9670
6408
4643
588
9457
6046
6958
3560
1709
3074
8104
9936
7187
1285
6638
3186
2839
2986
8728
2143
4799
4369
4027
8118
646
4396
7680
899
2952
3447
7580
3678
3221
4677
7852
8747
2821
2750
2184
8383
1542
3483
1113
8582
904
9449
6420
2265
7641
4974
2668
756
4840
4624
1676
6888
8183
6725
7044
6283
9222
3253
4810
9406
7607
932
891
3885
1970
7189
1299
3200
6279
3830
6467
6029
2396
6135
8310
7060
5969
1720
1203
7735
8424
2052
1924
8953
7557
1415
6815
2545
6189
6403
1577
295
2223
3647
8103
1053
1382
9095
4061
5397
527
5364
6697
9492
5865
5458
2274
1822
9590
5994
1860
3849
6768
7146
638
1751
8609
6265
4317
2849
3828
2055
8123
9318
3751
4068
1408
6130
3289
9290
5386
8068
609
1257
1711
353
830
676
1852
5396
6895
9645
643
480
5904
1787
8064
9696
7272
1950
3496
2532
4161
3846
7035
5335
6131
5218
6045
2845
4176
252
9203
6759
9850
7154
3462
2126
4869
6369
8796
7002
3687
2599
980
8690
6071
439
8897
6896
8942
2922
8765
2092
4435
8894
4842
4558
6959
6946
2995
4358
3247
3366
6024
6552
6594
3302
4409
40
1604
5786
4229
1104
8594
6864
2132
3755
8331
3335
1737
4826
8431
177
4403
6855
5199
6109
6676
2250
8921
325
1255
8676
4576
4606
1745
3939
474
5096
7722
2200
5543
6584
9609
3383
7209
6652
6624
3080
1883
4709
8872
7259
8636
5568
4207
2720
8851
3511
1013
1223
5305
4534
7534
7233
7561
4014
4859
9774
1861
7221
8253
2896
5669
9018
3073
3185
3533
7194
7096
7604
5734
6200
6776
3075
5968
9272
8334
6047
5400
1931
3611
6182
3366
2966
4804
7758
7083
2684
3713
7181
9528
7667
7271
3993
347
8602
2569
4654
3740
5964
1642
4241
9312
7313
7837
1982
6799
5461
8039
6107
2096
8734
7619
6916
7890
2399
2319
4495
3290
9452
8773
7517
3648
6230
9244
6234
2361
4246
7201
9335
9835
3279
1363
2773
2047
5675
1577
9649
4470
6178
7629
2369
7280
3748
6658
355
975
6235
6729
8123
2239
5773
6391
7949
2911
8354
1635
1882
858
6169
1975
6056
4639
2641
601
1859
8107
533
8050
7023
8441
1621
3564
6054
2089
5100
1253
2130
8060
9131
8378
4557
9409
5258
9574
5868
2560
7916
9395
7596
4382
1278
4114
9878
2427
1146
4485
2215
1091
3203
9769
3576
6456
2059
6156
3302
4947
7247
2027
4908
2952
5595
901
8793
552
2843
7717
2021
5701
856
6807
2605
5976
1234
1169
2114
6045
7868
4955
1980
3754
6864
6063
6088
2998
3422
926
1278
7771
647
7827
3876
7716
9371
1660
139
7042
8340
8098
8261
9459
7984
4522
5066
6051
6335
811
7967
1984
6597
604
3160
7268
2137
8278
1245
2515
558
7027
3904
2539
2582
6406
6427
8761
8715
926
7985
9481
1369
6447
9419
8086
5217
3694
5182
6131
3559
1587
7240
8408
8537
4550
8566
7628
798
8513
1587
1475
8540
215
5772
1075
5115
9496
2039
7343
4094
1466
9864
2998
3723
3539
8500
2844
2188
3962
1935
997
2034
5036
6054
9645
3447
2460
1221
5608
335
3900
4751
2255
757
1829
4653
9928
6207
1418
7817
6911
8136
2102
3194
8176
4072
6614
9514
554
2397
7759
8231
7989
9913
7005
5878
2421
9973
8142
5238
1920
997
5668
1241
4188
5944
3189
1760
3653
1625
3754
9582
2604
2158
3684
8771
5649
5229
2251
8165
933
4488
2071
5455
6131
7383
8311
8826
4233
5827
8738
3588
3509
8206
4526
7345
4822
7017
4550
8037
5085
2930
7946
377
8254
2487
778
5086
8991
8714
5876
889
3171
7990
7629
6410
9461
5259
132
3755
2591
9699
4351
5280
9817
4128
9655
6801
8648
2019
4367
9402
7298
1455
7102
8932
5746
754
2952
1882
9278
8260
7845
3094
5659
8072
1248
4398
3873
1379
2678
7940
7656
2109
8351
5659
6772
174
6059
5097
1781
5614
599
3707
1568
2360
4487
3326
8933
503
5743
3832
5816
3900
189
2486
5122
6453
7358
3695
816
5545
5653
932
210
6662
1052
2497
5172
571
1379
2302
8546
8452
5969
9839
7715
5996
5640
9579
9866
1589
8403
4427
8178
2468
1579
8124
614
4562
8623
6842
3998
6594
4511
2768
9488
1488
1250
8026
9685
4293
7912
3245
8632
7274
8723
4704
109
3247
7853
4649
4943
2896
1866
5299
7252
3499
8051
3534
2152
8232
8327
7323
6919
2286
6913
5577
97
303
2520
3466
543
8605
8478
8627
3895
3789
3728
9800
244
5932
7801
8878
2078
5138
8795
7739
6253
9401
4437
6695
6565
3603
2210
704
7760
1474
694
407
639
129
6952
3948
2562
831
2373
8807
9189
8755
7559
1791
2066
8635
3641
1086
8583
4689
4229
3428
9253
2386
8871
1481
752
3692
739
1574
7225
8521
8681
6046
2387
5907
4225
8713
8936
8986
8002
3039
2147
2851
9144
4774
7964
7648
127
273
7296
8015
1423
3509
3898
9191
4029
5513
452
8533
1742
4038
1768
6119
1981
8933
4900
2455
1373
5082
9149
3763
2218
3772
1529
3735
9783
4714
8716
6707
5392
4697
5801
5048
4285
7831
3445
216
3649
5563
3873
1611
6587
5939
2327
5536
7441
7371
8765
5606
9974
9220
7057
7063
2790
6909
601
2930
2403
6860
2646
1523
6677
6266
6302
155
1304
3024
2071
4442
9705
1740
9445
6653
5612
5671
8875
4854
7214
2910
9650
2806
9935
6934
6673
5422
8431
4549
5588
5122
5209
5850
6909
8606
4073
5117
5695
1491
3627
6438
8963
9206
1649
1670
3380
2901
3590
3258
8945
6328
1386
8952
5352
944
2422
1582
6607
7099
6437
16
6944
2780
7445
4147
729
9604
4876
7098
3364
2950
356
1862
6503
4816
1555
9515
5558
5307
9659
1637
9939
8376
5765
122
188
1524
8833
3945
2936
862
1955
7070
3986
2441
3145
3956
8542
3311
2245
5567
2675
1273
1165
2836
6251
3521
7583
3680
4047
8471
2617
6106
5171
2655
5004
8473
8625
8760
6111
302
4897
9855
6459
8634
1012
7844
5109
2641
5160
8255
4861
666
9862
7686
3564
5722
4045
9824
8151
5320
5320
6555
538
2750
1492
8760
601
514
4206
9965
4230
9109
3069
5480
5845
6972
8947
9427
8752
1259
9229
2461
6809
5374
3070
132
7887
2892
3667
9232
2498
5053
9346
1028
5113
4028
13
4430
886
4427
7154
5011
4226
2316
4430
1042
5767
4684
8216
372
430
2639
8567
2096
2430
1853
2207
2884
8781
3597
6033
5022
5325
5817
6260
8454
8724
1869
1528
8882
9685
6065
6475
2660
6932
7027
8439
638
5398
2945
4846
631
3502
7492
1761
567
9138
3247
6799
5704
7358
8727
3118
6701
976
5787
7923
1112
6672
9168
3043
2703
6274
6430
7162
2933
2243
4695
9073
579
3404
1438
2311
6867
4786
2848
1067
4660
399
7589
2633
5324
9448
8428
7135
2533
1998
2036
8715
3289
9092
1510
6072
6359
5636
282
489
8152
2091
8899
9271
396
3245
5789
449
1132
8406
4690
6238
5295
8627
1421
6581
9891
5017
6973
9535
4343
8073
2147
8494
8254
5397
9341
7310
9408
4823
4194
9221
9377
2237
2540
8445
6876
8979
6410
7734
5598
2991
312
9134
6977
643
1803
3095
3932
769
7227
5531
4178
9463
1982
1894
8037
9640
3201
4627
2349
2110
2994
589
2444
1380
6133
1275
9357
5807
132
745
7996
7676
6091
7317
7685
288
6347
2058
4932
164
2556
4010
2640
6649
8794
7425
7267
6475
4232
5353
6026
8727
698
5864
9819
7410
6967
5995
2185
6441
8532
9996
6524
4509
9093
1445
9800
8974
2031
1323
7118
7466
229
7505
2108
2217
4684
4260
23
9387
481
8171
6618
9826
7309
2338
9257
5091
2904
4542
6510
8836
6037
28
890
7269
5358
6016
5561
6667
154
7464
9052
9861
1510
2298
5936
6020
1429
8753
8860
2703
7386
3392
7428
6246
2747
1709
7404
5741
1430
1869
1679
1150
4047
1100
1055
6100
2581
7363
2592
5037
7387
5807
9932
6320
411
5837
7999
7905
7590
2909
5391
3525
5390
3709
8130
3630
2807
425
3526
9330
1318
7100
8323
2951
6484
2418
5746
5471
4621
9900
26
3298
4731
9732
4212
1875
5820
4711
7392
7830
577
8635
113
4544
3313
7818
2006
6263
4351
9746
225
1660
7116
9882
1178
9092
4658
5718
4380
72
1052
5063
4321
2090
7575
2620
1241
814
7107
9608
691
2663
4444
7341
6937
9153
6490
445
4272
7552
1167
507
2212
8087
2130
2059
6637
6279
8565
6306
6665
4111
1623
1575
4972
8276
7476
3014
7436
7304
2133
6156
5393
6121
8078
2613
4359
6798
7437
7963
6254
2747
7189
1778
1256
5608
9727
1105
6370
3417
4897
5496
8958
2541
1996
7061
436
1086
2762
7715
8784
4176
9511
8885
1614
4759
1122
1262
1504
2308
2742
7527
3281
4568
8485
3338
5439
3522
4616
2647
2315
9491
6180
6700
8653
9761
48
7960
8236
113
9807
7122
1499
1491
3663
779
7621
2004
8709
5942
4072
7038
3778
8476
7772
8071
8659
7287
9865
7307
3952
7858
2974
5555
8188
2734
6386
6164
9215
1447
3324
6836
6522
2826
9637
20
5397
5994
5739
1385
6213
3205
2581
6627
9390
8259
4600
3311
1831
6678
706
2012
641
8769
9844
4128
3211
8081
4298
730
3110
5009
4436
1722
9515
5777
2616
6861
151
1918
8263
417
8611
6565
9035
5077
6106
7770
2825
7098
2415
4443
582
3667
4765
3635
7043
6519
3518
389
3051
9270
1286
601
9691
7118
7179
4132
711
5561
4162
3034
1589
552
9852
4167
1921
8989
8063
2687
2733
4015
1407
1353
5761
3949
1089
3030
8946
5218
6498
6933
8588
4898
1435
3976
9087
349
3578
9558
8540
8279
5057
5864
4419
4215
2020
8123
1147
9969
5258
8769
3499
5786
4891
8215
4487
1956
9716
6605
5141
358
3494
4172
8577
743
5463
7191
5645
3125
6950
5105
7071
7311
5902
5436
1211
8348
7513
4560
311
3009
2492
596
1046
1773
3710
952
3274
4767
7123
6167
7006
255
2726
3383
3979
8372
4956
5108
9514
8010
4150
3576
1607
4714
6771
700
8958
9533
3696
746
5035
7600
3033
6440
7713
9594
2136
5227
8320
8701
1244
1251
9821
9634
7776
3130
9874
9536
4506
2627
8175
3029
5131
4334
7147
2603
2147
8131
5207
9118
6614
222
4149
1032
3324
3828
3011
6716
8135
2431
1196
7239
5178
2318
8441
6411
1289
8771
4693
1774
3800
8888
7924
788
8163
1284
2711
6246
388
1077
8623
3358
6870
3961
8474
8260
3999
9935
9296
496
4102
2753
8550
8278
9598
9956
6196
4704
8913
6948
1058
6485
7003
2643
1420
1045
8218
1776
196
7752
5166
412
7090
4998
1098
5605
9106
284
2740
1375
8873
9356
1980
5250
9055
3850
4279
3006
7535
9111
9480
5061
864
5360
977
843
520
4463
2704
8910
4048
6674
9680
3404
3521
1054
1689
6771
1553
5893
2222
6602
5853
2984
7920
5891
5313
6860
4369
3468
6590
8015
1787
604
8754
4566
741
5173
7882
5966
213
2725
831
2789
1412
8881
3855
1786
3823
7326
7101
7258
5317
2577
6886
5531
9152
1327
1821
457
1649
5028
6442
3452
8359
188
6379
877
5738
7585
5221
8153
2082
7037
1286
6002
5673
5303
7892
450
5878
7751
39
9155
1358
6322
5535
7526
3894
7916
6815
6041
6869
7886
6745
6699
8888
1948
7743
4343
8172
8037
6245
4547
554
2351
1144
348
7272
6771
4434
4060
5390
4493
5259
5252
2615
2064
4698
2637
9141
4679
8013
8969
3152
2009
366
2324
5958
244
5940
115
2008
2983
9201
749
6913
5484
9370
7868
7256
6341
1735
5747
2755
2346
329
7310
2182
6394
9854
7830
1916
1829
6327
5324
3917
7050
8189
4579
6982
4693
6406
5216
174
7773
5990
1155
3743
689
2198
9283
2728
8653
1758
253
720
8012
4063
7946
7639
9933
9043
5317
7781
178
2070
6715
6851
2827
2831
1862
7522
5604
7922
9765
9383
7658
2375
8538
7898
7057
4533
1838
4711
4536
5405
9613
645
9465
2374
1517
5861
3032
3205
5387
2889
6092
1760
454
4100
1969
8851
7046
3916
8479
6830
4486
4249
3564
1087
6817
4781
6746
354
6728
8072
2948
1356
6749
2148
659
8438
2434
7455
3520
5681
5973
2772
1857
858
856
788
4330
439
4022
9829
724
3948
6244
5977
5952
6341
2581
3005
2164
6173
3547
3492
8232
4792
593
6218
1804
5771
4015
5420
3146
8215
2805
558
994
5417
2678
9842
4048
1091
9434
8072
5022
6413
4383
7667
6413
6234
4011
5730
4851
7573
5590
7770
3134
5373
3032
6635
3631
9671
1710
1011
8763
7683
315
4267
947
1132
2539
5801
7878
2168
8164
6166
5523
443
4162
3279
5405
2446
3741
6806
2187
3316
6602
7245
3244
8715
2575
6796
9091
7357
5113
7521
3242
3438
2205
53
8749
2255
5444
8131
6625
3945
4177
677
4817
4964
8125
5606
3506
154
6428
8203
8462
9351
8888
907
7151
5065
3926
8575
1952
9741
2180
1730
7440
5741
5692
9450
4770
5883
5908
1592
1551
3220
6078
7154
1196
5919
9488
9088
1943
2428
7589
556
3917
7469
2565
5932
3503
2771
1846
4286
4270
3393
6357
9139
7530
9799
6002
1312
154
3317
9824
588
8771
5089
2736
9158
4794
4281
9886
5542
2626
1035
9782
6097
6257
1422
6185
5277
2683
6369
744
8322
8061
5093
5141
7929
155
8177
5193
114
9002
2023
9348
4039
1923
8444
2087
4748
2688
7173
127
1541
5217
447
1376
5911
5328
8348
4282
1550
7571
8717
2985
2357
2601
11
8134
33
3557
8142
1657
2648
4703
2954
2336
7635
5800
719
9037
752
5710
8890
7077
2874
8386
6014
3877
941
2502
4355
2092
3872
1257
35
5323
6245
287
7472
6048
5742
9592
3545
2625
3627
5089
5021
4447
3869
6511
5612
8089
4436
9403
7716
192
763
328
3331
5020
3404
6299
9409
824
7770
8328
1423
1154
5871
359
9655
1229
4707
3777
3847
9553
3446
1794
5546
6746
64
3965
6070
7504
5056
1304
2055
2642
318
577
6152
810
3829
1259
2093
8928
5085
6290
4099
9798
3155
5331
738
5821
3730
9187
742
452
6745
1212
389
2948
660
8076
1567
9336
1221
2305
659
1387
9203
7656
6845
2681
3327
9884
2834
5048
2550
7039
807
857
9853
7107
794
5313
7276
7267
8444
9971
1379
6472
292
8256
7718
1807
7834
6904
3986
3982
2337
836
4713
6370
7171
2608
6914
8969
4031
9400
1348
490
6029
7602
1648
1518
6115
6721
7898
1536
7806
2067
6363
9467
1405
417
6013
4125
6708
6998
8558
6269
3662
6620
7946
3970
7461
9268
3343
1524
7123
9853
8491
6935
5398
7329
7975
5010
2446
8801
8106
350
8470
3155
3342
8573
3079
3358
5397
3087
2028
8374
4445
9472
236
6824
8462
608
2852
2380
1326
456
6780
9024
8954
8603
6559
7820
1324
1376
6914
2285
2809
7809
7617
7901
6289
7972
3249
9739
7808
3804
5342
2693
9302
1947
8067
6957
6698
7052
5416
2760
9877
6368
7244
8753
1110
4903
1010
9223
6515
5641
4025
553
2305
9304
9222
7440
3285
8084
8037
1891
4482
2697
0
3303
2190
9557
2628
6813
4378
6918
9222
7391
6241
6012
5329
828
25
8271
2198
9102
1968
5515
3633
8986
7236
4791
6346
9931
343
9495
9922
4983
6652
1568
1411
9758
4006
1128
6176
9976
1907
6378
4974
1940
8226
941
6238
8707
8595
3748
7814
4477
9640
982
4571
4645
5979
9165
3909
1659
3549
8739
6703
4383
5436
7882
7135
6324
5216
8402
2479
4952
3035
1228
7665
2659
7091
8254
2722
1775
1419
3293
5604
7455
1541
1007
7123
5743
3470
335
9938
529
3774
1952
9973
3751
4495
4422
2866
3809
6559
3871
6150
4040
7274
3156
9647
3243
1301
2902
6713
9742
9202
1673
5911
7183
2074
2078
3595
2131
5285
5439
3307
4191
3961
5113
3654
9610
6826
6271
7031
6371
2282
3207
8217
5291
5172
8293
1758
4592
5051
4688
1994
450
450
6974
3201
6413
2289
5149
3451
9792
7621
9844
1189
5765
5816
1096
9287
8126
1808
2779
2251
2604
7545
839
8014
9149
361
1490
2855
6996
1527
1061
4711
8944
1498
9481
6927
94
2195
3909
3794
3518
103
6717
92
5657
68
889
2108
9321
9180
2669
4417
3516
6803
2406
4301
79
5992
4471
6006
3837
1112
1902
1399
2330
9445
5951
9311
7985
711
6824
6427
3822
9062
9911
3175
3777
8453
3096
7848
8813
3989
1718
8323
1700
9960
880
9027
294
862
6716
4362
3008
7284
7491
7181
3065
7472
318
6482
3219
1379
9891
9264
6127
7229
2611
7359
8169
3266
9270
3005
4310
257
102
7994
3014
8865
9182
4885
7848
1190
7495
9913
897
573
3970
8941
6279
2382
2432
4169
9003
2093
9138
7709
2327
757
9805
8269
6906
8873
2487
690
4627
9766
2067
3457
3103
4407
5043
39
3545
3192
628
6419
4839
5619
7112
9638
4161
1853
716
7663
3361
9080
4224
82
6885
7929
854
4335
5432
7330
7205
3078
8540
9921
4667
1693
4445
4624
4294
5043
3370
1494
578
8088
6616
5314
4352
6209
7018
7943
2002
3633
585
698
9228
9414
3866
5260
9201
1731
2221
4151
7244
4842
2429
4249
6092
8580
1571
4848
1942
6824
1128
4911
7951
2419
7024
8317
2330
3981
9095
7611
2005
4321
9700
2224
1024
2282
38
3156
4547
9398
1277
7002
9231
5861
1162
1023
7866
1378
9614
6971
6715
7509
3185
3969
2931
5659
5828
1345
3501
7380
9404
8865
4599
4194
1866
4834
2937
540
1035
4530
2976
5616
9336
4658
2091
7302
2750
8321
1728
7541
155
786
9169
544
738
7332
6278
1518
1606
5383
3468
5154
2546
3984
6071
7102
5883
8518
391
5318
1052
7592
4931
3813
7844
3444
4160
6997
6786
9789
9269
3373
841
4744
6196
7064
2405
1343
6320
6927
6266
6392
8371
1156
1754
7841
8930
8588
5111
3967
1804
3768
1254
9457
9102
552
7161
3968
1684
7339
2806
1438
7480
4117
8441
3836
4521
6788
1100
939
8702
5650
3355
1010
7739
4731
6846
3908
8079
5976
8608
3891
1272
1951
5935
9306
72
1797
702
5866
884
9938
2949
2608
1550
9298
2215
9283
6274
4542
3651
9864
1361
9299
9712
2627
5596
4797
6454
1136
4489
613
9360
7297
7806
5177
3652
6455
1580
4591
795
3746
4406
2203
41
5358
9160
4884
1331
9507
50
9492
2629
9791
3625
9713
9533
966
1312
2548
5356
810
2928
192
8454
5549
3697
2802
9913
2115
9073
875
9799
3860
6990
2480
5400
468
6716
8205
3395
1575
9250
6592
5163
521
3612
3598
5412
5691
818
9587
9225
233
9250
8968
5781
1238
2612
9978
7714
1966
4332
9456
3308
7393
4084
6131
234
3558
7068
8383
0
4294
219
7241
5574
4836
6323
3468
5256
1970
3933
8075
9508
929
7166
3648
6016
4858
2638
4066
3024
406
7466
2040
2968
3097
5880
1235
4320
4322
3355
2541
5875
7943
9784
3896
305
336
846
679
7881
8075
1250
3348
5098
1288
4800
7206
4025
9811
2851
698
3813
2006
737
2496
2230
4677
9646
4005
5001
6596
3904
2782
3190
7027
1934
4365
1445
6600
8382
1302
8798
2178
2684
619
7262
5611
4116
7743
1577
8686
4178
4211
4028
9692
419
6843
4120
2196
6013
8379
7620
4397
8429
9994
8840
8917
5554
558
9873
7346
3923
6030
7634
9597
2228
1183
884
2665
638
3947
3166
1870
8681
8965
2125
9811
6007
2978
4144
314
3544
1038
4225
7720
5648
5636
5518
8178
2876
8395
3973
6796
5053
1356
3259
4188
5970
227
6370
5913
4414
460
4632
2362
7154
2879
3033
4492
653
2194
9199
1672
366
9376
8196
3926
3146
2161
5288
1648
7380
3401
1218
4711
556
9760
5176
5676
8863
5160
1726
638
3791
2886
3829
4605
351
5249
325
5769
8707
9553
6951
1105
5877
2678
3472
7598
5993
8814
4648
8275
9848
133
6169
2350
8542
6869
4683
6563
2493
3959
9708
5460
8952
6381
8098
4462
484
2275
3996
5603
7842
9290
1209
2009
211
8337
3395
4113
1145
8245
575
2404
5336
9747
477
4537
5198
1584
6294
7187
7380
1839
6342
8893
2493
4176
8944
9692
5795
8342
6333
5690
4383
4715
2924
5007
2068
7507
1644
1564
5882
7731
5079
9928
5837
1975
308
1009
3675
6565
5172
7838
3318
6426
7455
3918
4635
3056
2749
2552
6968
9410
6676
1693
6463
608
9841
7763
2423
4733
8468
3214
3457
1350
639
6661
6080
6826
1411
5462
4813
8928
9957
9114
2823
3714
5197
8615
3914
2871
3843
5768
4437
5938
2500
8234
5955
4461
5289
4762
2918
64
8032
6937
5891
3112
9233
6306
727
217
7216
6137
4402
8532
8955
6694
6174
9846
5222
6398
6627
5465
758
5942
4349
5903
1379
2511
1585
8449
2703
1650
8616
7389
5833
5243
8539
8542
3861
9539
7421
241
4687
8251
930
8253
9908
9698
5762
598
9407
5543
3838
6629
521
414
4370
428
3710
3076
4490
6039
1773
1826
8455
2553
6216
6512
7770
4086
2576
119
4362
189
4778
8796
5461
4034
7163
8217
9797
9714
2850
10
1013
8890
5812
3463
7403
9773
2326
39
237
1148
7057
3237
591
533
115
4440
7642
6901
4839
3239
7129
2829
7875
7405
2861
7940
4453
9266
4181
2147
5963
9207
9863
7193
1094
346
6507
3078
8729
9702
8255
1348
812
5364
6707
4080
5355
3944
9817
5770
8457
568
2938
6266
8898
6597
2503
6899
7658
4502
5821
4486
5822
4372
9305
6989
6267
1542
2911
8912
91
9768
5171
4156
3095
9150
3396
8447
3214
3895
8390
2761
3185
341
4393
6335
279
7193
3556
218
699
8220
628
219
4941
3713
4907
3496
4038
9057
7788
624
7083
6001
1616
9473
8375
3510
404
4368
8383
8001
511
115
2180
2884
6443
813
2499
8542
5405
9659
3867
6679
4936
6762
8164
7780
2930
9939
5979
4721
1112
9347
2727
5407
9686
3037
2904
4169
4164
5889
7616
9959
7275
6920
1065
1807
4290
9815
5901
6930
1421
3017
2588
2407
5011
3999
7696
6628
9078
3587
6397
2979
6109
5839
6488
4554
836
8030
5230
6062
4550
1622
5013
8262
4870
8035
5540
2808
8276
646
2055
4334
9726
2127
9361
8072
4520
8959
3485
4648
9040
2344
6503
7427
2701
677
484
6480
5555
217
7559
2116
5304
1752
6451
4182
9966
8476
4022
2332
3054
9262
8282
8392
7091
2970
8641
4514
85
6400
4428
9385
570
3438
114
6259
2853
5227
9413
4927
4441
7341
6463
7800
4922
9180
9074
7023
7509
5570
2343
1466
931
3144
788
696
6763
9612
1569
7813
6760
5608
8265
2400
7470
7125
4271
6031
2600
4058
8670
137
2265
6288
8514
6601
5430
5485
1374
3722
3640
1637
4581
5595
2027
4558
3628
1569
3252
1548
6442
1947
7284
5564
3666
2927
6987
5386
8027
9541
497
3584
6654
3174
2230
9844
4832
5743
3035
3110
4701
5885
7999
5974
9881
9860
5386
5695
2040
4228
1865
3355
1982
7947
7082
6877
9887
3702
1131
8638
5685
2593
2643
4033
5781
8962
7363
439
8054
1459
8245
8916
4101
7842
1831
7236
6852
2047
8750
7083
2375
53
5025
5377
8573
3651
6500
2458
4002
3455
9296
9160
518
9067
3261
7316
985
6770
5469
8432
4634
1949
8203
7792
7566
7508
9654
6654
2359
227
3690
2282
4927
4283
200
527
2548
4821
2162
2134
2448
0
5985
4004
4518
3684
1539
8400
6961
4541
8472
796
358
4767
2076
6373
80
445
7660
9108
657
1856
5416
433
7113
8032
1042
3255
9347
3610
652
3643
269
1599
7964
4225
7603
4478
9147
6175
9401
7680
7274
7565
8971
7035
7304
9024
328
9317
2834
8373
6638
1814
9001
8097
208
2942
6795
9574
4344
2171
2523
8812
98
3142
7833
9575
5151
1281
9086
3912
6102
4602
8333
2915
9792
3031
9434
3351
2569
4287
8303
6527
8311
5873
2775
8555
2291
7849
7660
6469
2106
144
2228
8105
9733
2330
7072
324
107
9574
7857
9440
8233
9801
6254
9114
6997
4298
1629
1169
2368
9142
2178
1445
5323
4158
874
481
389
7766
571
5577
9690
6216
613
5578
3666
386
1690
3965
5661
1987
5785
9061
715
3115
3960
9253
793
2520
5248
735
6222
7647
8696
7174
2750
7801
7514
1073
4845
3605
4853
179
2160
2494
4141
283
9992
8343
1514
1235
4790
7460
3169
663
7919
2766
2725
2615
7748
5421
5057
164
178
2846
7456
831
1505
2751
5712
5921
1356
6217
7336
3701
8736
8257
6327
1434
1589
3702
6781
7379
7592
5125
1417
6547
2078
9556
6803
9794
6869
8759
7401
9720
8155
2033
8305
6659
2520
5725
1292
3675
3467
3985
903
5800
121
782
5525
2918
2281
5865
6658
866
4677
4179
9014
8337
2678
3511
289
8487
3130
6530
2533
4119
4297
8308
3145
676
9214
2508
7022
9954
3329
2976
3080
2972
1719
2139
6810
4184
1829
2718
5568
55
5972
8519
7522
6315
2995
1562
579
9102
2687
6536
2509
245
6257
8649
2424
9660
4968
3536
7615
2144
8501
3090
8543
4584
7917
1957
5972
7345
5223
8701
6849
5937
1001
632
9720
7785
9059
953
3242
5874
9692
3580
5759
9227
5719
6165
2152
2451
4353
3315
9339
9676
7611
4574
9817
1475
9619
6430
8235
6960
5051
2252
1879
4724
8037
2208
9974
3848
6587
4925
2387
5402
4152
2827
7696
31
1032
8649
7105
4965
6639
1605
6652
1942
8820
3962
2380
4979
320
3330
5439
1858
6133
9840
8647
8328
6837
7520
2822
4544
622
8710
8824
6151
6232
1451
3452
328
3360
1893
6729
3830
9307
2973
1319
7037
1362
5783
7538
1484
570
9131
5728
4362
4523
8405
2182
196
6285
5913
435
1178
6790
3508
4325
577
234
150
252
4293
3485
9835
771
7419
3052
7838
3373
9539
2735
3880
3670
2651
2712
7963
2535
4119
2423
3017
2435
2155
3118
6729
4217
642
1124
5635
6939
7501
2101
5878
2900
9174
3103
554
5610
2696
3928
2647
1305
2549
6519
5766
28
8160
4769
8741
8204
652
6516
2863
8494
3311
425
8479
8166
1981
1125
5223
3261
5977
5020
7777
5532
272
6066
8180
5056
1670
1532
4002
9214
4380
8151
3873
8326
4453
5508
6288
4049
9558
322
6211
6248
5489
3212
6039
693
5992
5303
7905
9485
5509
9217
1901
829
9202
8869
8120
2607
3854
9858
1494
4817
7598
1866
3493
7388
2670
7711
2943
7799
4533
8714
7624
2700
2405
3333
2799
1662
3527
3326
8817
1902
1379
688
6433
8758
966
7296
8461
9572
9161
1823
9397
4818
6956
8378
7808
7831
5536
827
8262
375
892
6269
9336
2475
7358
9090
5875
3758
7415
3442
5673
7371
8705
9775
363
4097
7896
7407
9385
9742
7890
5081
5799
7372
6497
7735
6391
4931
3528
7238
2649
4137
5630
7843
1204
140
5684
8574
2338
8849
7787
1313
5282
5547
8674
1940
7515
1049
1503
182
8257
2033
9782
734
836
9602
737
7686
2412
4403
3894
4252
1392
7025
3624
9323
9493
1774
276
4375
3404
106
3248
5961
3695
3740
6010
8963
8810
5004
1433
4556
1385
839
5720
7938
2396
8292
4941
524
8819
7691
6841
3994
2144
8021
8414
4046
2744
9846
5794
381
1178
7927
9704
6537
7923
6755
8697
6808
717
8788
416
9498
6816
9205
4114
4732
1140
2524
8041
6011
1740
9612
6387
6499
9277
445
433
3460
9464
592
8127
287
861
5535
2492
8918
3183
1173
4582
7785
9933
6389
7418
7483
4496
3069
1843
2388
5724
4843
4927
3690
15
5310
8647
9785
8676
1518
6797
5840
1969
4482
598
9422
3341
7305
5065
8316
3810
6433
2782
3206
9960
6592
4729
4258
817
9602
9759
8157
2876
1284
6246
6795
2614
6962
4078
1643
1986
4388
9760
7441
8979
1231
4217
732
7436
8556
2268
2175
634
714
3519
2986
9243
3775
4065
9055
5806
2286
8158
8095
153
4732
1540
9413
4304
3434
5302
8283
8912
2145
5682
4108
6719
3339
7195
5779
9041
1138
6245
7881
5714
2221
7495
3891
8767
9430
7690
1007
9252
798
5289
3692
4616
283
58
3759
6991
4309
1798
5793
2026
5245
1548
3645
2160
6503
9876
6837
1998
7211
8446
7191
8103
5748
5439
6520
4110
7096
561
1784
1016
1868
9770
9595
7303
6909
8715
8406
918
9223
4226
1234
8551
3237
5485
5290
6755
3032
9062
3240
7306
7352
4360
9101
8955
2398
1005
160
8095
7780
3105
6087
4748
7452
4961
7170
9784
7227
7217
3723
7222
4284
8965
4382
393
6947
7079
1225
259
6604
8905
3604
7711
5981
6508
3221
9935
3913
9815
1594
5554
9258
8238
5257
6006
3625
1947
9490
3692
1619
5488
9043
7749
7488
1942
8033
8681
1556
8240
9953
764
423
80
7827
1975
1628
9131
8815
2748
1725
2946
2806
3132
5586
8320
7996
8290
9799
7270
6211
6194
29
155
5523
6922
2618
1252
7546
104
7475
432
9957
6927
4098
872
2063
4114
3298
9999
578
7535
7644
7149
5659
9642
2933
8863
1622
7012
9514
3908
7411
5741
5508
1537
7829
102
3710
2322
3507
3864
500
4599
7889
9019
5957
5586
2353
6264
4679
9946
6776
9027
8802
3275
3112
2553
4793
4224
9721
4032
2335
4122
3927
8802
1066
153
4467
970
9836
1529
4645
8096
8566
9891
4383
9619
1980
4022
3811
5389
6601
5781
9446
545
2215
3383
6492
5241
6001
9446
437
3816
1672
5389
8596
651
4108
9122
4861
6193
6304
827
5874
8790
1498
7521
7688
714
4207
127
190
305
3162
6143
856
8593
2009
8367
4591
8872
568
4279
909
7588
2461
1433
1325
2681
5476
8031
8077
3100
794
2020
8859
6009
2638
7267
3371
364
1728
4908
829
6517
9408
3818
5191
6247
2837
7366
452
7417
1834
1514
1287
8783
9627
5348
3665
234
6776
8681
2196
5577
9120
8138
6306
7021
2774
8140
1942
7569
14
3785
6769
2705
5462
4709
9399
6526
3893
6347
9190
1353
6357
6363
1794
4874
4256
9773
8874
1043
4754
1307
1362
2617
2314
3722
8479
6026
3701
3115
5933
1105
2042
2866
9514
7726
1031
5458
4326
5935
2726
8923
5658
1142
7055
8696
4832
231
5827
3397
6906
6293
9857
2921
4175
7049
7638
1408
3140
553
3536
777
8976
4681
5073
6610
2755
8579
5462
1465
6046
6890
6130
3978
4024
5184
1384
7293
3548
5001
4648
3904
3514
5026
7455
4252
4461
1723
5768
572
5446
9996
3426
9679
5302
7272
4781
4551
1086
6666
2517
